472
541
602
416
575
248
581
588
261
493
494
418
228
205
227
523
232
471
475
235
579
439
504
209
594
531
217
609
407
589
272
208
524
386
237
224
554
447
425
226
222
202
220
455
605
477
593
442
511
243
528
270
438
443
457
277
369
453
372
598
190
521
33
124
102
526
600
466
544
556
619
543
617
532
603
519
620
557
84
549
50
62
458
564
60
9
70
167
41
321
459
151
411
539
489
105
165
109
441
409
99
547
120
38
83
81
485
103
128
108
501
463
130
491
412
100
77
138
150
553
561
145
80
135
74
445
101
479
75
46
146
481
484
483
595
500
431
515
65
59
486
480
69
107
616
380
435
569
112
552
129
538
152
527
573
21
482
43
17
496
78
86
566
502
469
614
461
474
158
376
460
437
164
488
536
510
597
467
31
143
610
468
139
1
413
13
98
147
117
450
133
512
464
35
134
136
91
424
36
125
32
8
68
417
29
47
90
49
153
27
95
54
92
127
10
371
71
14
67
34
7
599
574
596
537
51
88
4
451
53
89
497
578
408
568
15
52
57
506
55
121
550
37
72
444
132
404
558
427
591
48
123
118
465
113
406
114
119
79
154
434
428
141
565
462
432
546
606
448
601
584
370
262
577
206
213
490
419
214
215
562
604
