3041565
290557
1149361
3576396
3573511
783754
174982
3351879
6697173
3865483
5880801
2782113
2077456
3577279
661882
587116
3277605
3374084
1210997
2802361
2361809
732800
290291
433561
2395170
3578476
3573345
1820814
3923057
7626844
3469034
3572887
1252634
3371123
933860
630336
3582678
6251999
1547376
203312
239880
2260494
2658434
2287781
1899402
3895114
2233387
1814991
3686110
3624060
3562981
3374766
7626836
2078138
146669
3077311
2921044
223816
2623032
3575830
3508796
2589581
3658394
453733
357994
2461445
338010
2510769
337996
660013
2205218
3474414
2081918
2622320
3017382
2400553
2635167
3580239
614540
3381670
3042362
2300660
2411586
3425505
2413451
2420477
3579143
2309096
390903
3474415
3595528
4043988
2372248
3378535
1819730
1547314
3608932
3202326
3723988
719819
1643084
2963597
294640
3042225
1269750
1282588
99237
130758
2629691
3175395
3042142
3489940
248816
1861060
192950
1527747
1831722
4030945
921929
3575174
1873107
1835841
831053
285570
3580718
1522867
1655842
272103
3576468
3042058
1227603
2275384
932692
597427
2960313
458258
2215636
2542007
2993457
617790
3194884
3578421
1062947
2080185
718075
2453866
1327865
2029969
1821275
4041468
3570311
2378080
3578097
2562770
934292
1282028
927384
3996063
1733045
1036973
3355338
2139685
2440476
2155115
2328926
3617476
2750405
3144096
1282988
2110425
4036232
2186224
286963
3703430
3932488
4030656
2088628
1694008
1168579
798544
3424932
4030699
4566966
6254930
2264397
1559582
3437598
289688
935317
798549
6290252
2017370
49518
102358
2103350
241170
366755
7909807
2661886
1880251
3370751
3190538
607072
3057568
2403846
3168068
2245662
51537
3382998
2410758
3585968
7609695
163843
934841
3576916
2434508
1546748
2363686
1605651
1220409
4031074
1966436
1218197
2464461
4032283
298795
3573591
2110297
1668284
149590
690791
226074
5854968
6252001
3439705
1512440
3164670
3577815
3625428
3577718
4796775
1562822
2134431
4034749
4034894
69543
1024031
953987
895949
878675